0.401364
0.249237
0.96591
0.503773
0.778806
0.569831
0.0831205
0.577938
0.990736
0.0482075
0.194731
0.875703
0.39903
0.662333
0.429661
0.913586
0.401364
0.249237
0.96591
0.503773
0.778806
0.569831
0.0831205
0.577938
0.990736
0.0482075
0.194731
0.875703
0.39903
0.662333
0.429661
0.913586
0.797061
0.146559
0.923345
0.801722
0.521639
0.744092
0.793798
0.800256
0.901752
0.0796104
0.438297
0.401364
0.249237
0.96591
0.503773
0.778806
0.569831
0.0831205
0.577938
0.990736
0.0482075
0.194731
0.875703
0.39903
0.662333
0.429661
0.913586
0.797061
0.146559
0.923345
0.801722
0.521639
0.744092
0.793798
0.800256
0.901752
0.0796104
0.438297
0.401364
0.249237
0.96591
0.503773
0.778806
0.569831
0.0831205
0.577938
0.990736
0.0482075
0.194731
0.875703
0.39903
0.662333
0.429661
0.913586
0.797061
0.146559
0.923345
0.801722
0.521639
0.744092
0.793798
0.800256
0.901752
0.0796104
0.438297
0.401364
0.249237
0.96591
0.503773
0.778806
0.569831
0.0831205
0.577938
0.990736
0.0482075
0.194731
0.875703
0.39903
0.662333
0.429661
0.913586
0.797061
0.146559
0.923345
0.801722
0.521639
0.744092
0.793798
0.800256
0.901752
0.0796104
0.438297
0.401364
0.249237
0.96591
0.503773
0.778806
0.569831
0.0831205
0.577938
0.990736
0.0482075
0.194731
0.875703
0.39903
0.662333
0.429661
0.913586
0.797061
0.146559
0.923345
0.801722
0.521639
0.744092
0.793798
0.800256
0.901752
0.0796104
0.438297
0.401364
0.249237
0.96591
0.503773
0.778806
0.569831
0.0831205
0.577938
0.990736
0.0482075
0.194731
0.875703
0.39903
0.662333
0.429661
0.913586
0.797061
0.146559
0.923345
0.801722
0.521639
0.744092
0.793798
0.800256
0.901752
0.0796104
0.438297
0.401364
0.249237
0.96591
0.503773
0.778806
0.569831
0.0831205
0.577938
0.990736
0.0482075
0.194731
0.875703
0.39903
0.662333
0.429661
0.913586
0.797061
0.146559
0.923345
0.801722
0.521639
0.744092
0.793798
0.800256
0.901752
0.0796104
0.438297
0.401364
0.249237
0.96591
0.503773
0.778806
0.569831
0.0831205
0.577938
0.990736
0.0482075
0.194731
0.875703
0.39903
0.662333
0.429661
0.913586
0.797061
0.146559
0.923345
0.801722
0.521639
0.744092
0.793798
0.800256
0.901752
0.0796104
0.438297
0.401364
0.249237
0.96591
0.503773
0.778806
0.569831
0.0831205
0.577938
0.990736
0.0482075
0.194731
0.875703
0.39903
0.662333
0.429661
0.913586
0.797061
0.146559
0.923345
0.801722
0.521639
0.744092
0.793798
0.800256
0.901752
0.0796104
0.438297
0.401364
0.249237
0.96591
0.503773
0.778806
0.569831
0.0831205
0.577938
0.990736
0.0482075
0.194731
0.875703
0.39903
0.662333
0.429661
0.913586
0.797061
0.146559
0.923345
0.801722
0.521639
0.744092
0.793798
0.800256
0.901752
0.0796104
0.438297
0.401364
0.249237
0.96591
0.503773
0.778806
0.569831
0.0831205
0.577938
0.990736
0.0482075
0.194731
0.875703
0.39903
0.662333
0.429661
0.913586
0.797061
0.146559
0.923345
0.801722
0.521639
0.744092
0.793798
0.800256
0.901752
0.0796104
0.438297
0.401364
0.249237
0.96591
0.503773
0.778806
0.569831
0.0831205
0.577938
0.990736
0.0482075
0.194731
0.875703
0.39903
0.662333
0.429661
0.913586
0.797061
0.146559
0.923345
0.801722
0.521639
0.744092
0.793798
0.800256
0.901752
0.0796104
0.438297
0.401364
0.249237
0.96591
0.503773
0.778806
0.569831
0.0831205
0.577938
0.990736
0.0482075
0.194731
0.875703
0.39903
0.662333
0.429661
0.913586
0.797061
0.146559
0.923345
0.801722
0.521639
0.744092
0.793798
0.800256
0.901752
0.0796104
0.438297
0.401364
0.249237
0.96591
0.503773
0.778806
0.569831
0.0831205
0.577938
0.990736
0.0482075
0.194731
0.875703
0.39903
0.662333
0.429661
0.913586
0.797061
0.146559
0.923345
0.801722
0.521639
0.744092
0.793798
0.800256
0.901752
0.0796104
0.438297
0.401364
0.249237
0.96591
0.503773
0.778806
0.569831
0.0831205
0.577938
0.990736
0.0482075
0.194731
0.875703
0.39903
0.662333
0.429661
0.913586
0.797061
0.146559
0.923345
0.801722
0.521639
0.744092
0.793798
0.800256
0.901752
0.0796104
0.438297
0.401364
0.249237
0.96591
0.503773
0.778806
0.569831
0.0831205
0.577938
0.990736
0.0482075
0.194731
0.875703
0.39903
0.662333
0.429661
0.913586
0.797061
0.146559
0.923345
0.801722
0.521639
0.744092
0.793798
0.800256
0.901752
0.0796104
0.438297
0.401364
0.249237
0.96591
0.503773
0.778806
0.569831
0.0831205
0.577938
0.990736
0.0482075
0.194731
0.875703
0.39903
0.662333
0.429661
0.913586
0.797061
0.146559
0.923345
0.801722
0.521639
0.744092
0.793798
0.800256
0.901752
0.0796104
0.438297
0.401364
0.249237
0.96591
0.503773
0.778806
0.569831
0.0831205
0.577938
0.990736
0.0482075
0.194731
0.875703
0.39903
0.662333
0.429661
0.913586
0.797061
0.146559
0.923345
0.801722
0.521639
0.744092
0.793798
0.800256
0.901752
0.0796104
0.438297
0.401364
0.249237
0.96591
0.503773
0.778806
0.569831
0.0831205
0.577938
0.990736
0.0482075
0.194731
0.875703
0.39903
0.662333
0.429661
0.913586
0.797061
0.146559
0.923345
0.801722
0.521639
0.744092
0.793798
0.800256
0.901752
0.0796104
0.438297
0.401364
0.249237
0.96591
0.503773
0.778806
0.569831
0.0831205
0.577938
0.990736
0.0482075
0.194731
0.875703
0.39903
0.662333
0.429661
0.913586
0.797061
0.146559
0.923345
0.801722
0.521639
0.744092
0.793798
0.800256
0.901752
0.0796104
0.438297
0.797061
0.146559
0.923345
0.801722
0.521639
0.744092
0.793798
0.800256
0.901752
0.0796104
0.438297
0.028055
0.087901
0.73145
0.34544
0.821786
0.461313
0.318746
0.664562
0.180539
0.885368
0.758546
0.107311
0.611418
0.956389
0.840825
0.194541
0.807524
0.396973
0.343581
0.918005
0.156509
0.549556
0.356629
0.3956
0.286586
0.585747
0.577657
0.662493
0.625631
0.51088
0.508603
0.712431
0.159495
0.342499
0.190421
0.16007
0.810432
0.696903
0.825561
0.597185
0.658293
0.993871
0.591071
0.715552
0.559629
0.35592
0.132007
0.401232
0.256811
0.606196
0.515244
0.189765
0.177069
0.882175
0.221772
0.715223
0.916609
0.680715
0.78952
0.147132
0.707613
0.549976
0.392558
0.402055
0.254321
0.968577
0.0841628
0.520625
0.793992
0.695182
0.228674
0.450027
0.560306
0.0329695
0.777846
0.362313
0.0455535
0.104183
0.0578258
0.140933
0.101065
0.358712
0.309044
0.565382
0.543845
0.818915
0.0636228
0.781889
0.651749
0.579234
0.826924
0.73189
0.0164634
0.212319
0.573769
0.589326
0.579741
0.447737
0.358235
0.333527
0.566264
0.153566
0.595403
0.583989
0.235683
0.0383952
0.559021
0.918972
0.0933121
0.322832
0.536374
0.832146
0.569725
0.782129
0.829791
0.423194
0.555739
0.386532
0.532364
0.694714
0.101911
0.364549
0.660647
0.444777
0.950844
0.380128
0.401192
0.974105
0.903027
0.921976
0.863602
0.0868967
0.173603
0.86584
0.743798
0.837581
0.51632
0.420957
0.154176
0.506228
0.685033
0.0703902
0.34065
0.199022
0.434232
0.283206
0.26526
0.564632
0.757353
0.297363
0.818496
0.745621
0.411646
0.273128
0.677844
0.119643
0.446966
0.943637
0.897764
0.125195
0.301908
0.815479
0.0923739
0.166039
0.363537
0.417083
0.949552
0.622235
0.872172
0.372054
0.953032
0.965955
0.17988
0.471606
0.864701
0.171574
0.953458
0.370848
0.15715
0.694603
0.646916
0.931199
0.974872
0.291133
0.730303
0.297892
0.468919
0.329363
0.880336
0.109824
0.122731
0.829307
0.306992
0.24117
0.150621
0.678849
0.863234
0.636889
0.528667
0.712666
0.574894
0.364606
0.295937
0.927345
0.665739
0.31739
0.827646
0.568214
0.961556
0.120321
0.898972
0.61238
0.306074
0.600671
0.445475
0.559598
0.6158
0.768952
0.738231
0.0709746
0.971452
0.382709
0.309749
0.505544
0.538431
0.400376
0.88129
0.599466
0.114691
0.176341
0.580562
0.459097
0.962313
0.206842
0.491417
0.930321
0.548413
0.155454
0.155169
0.65427
0.354779
0.13003
0.186166
3.36663e-05
0.720395
0.285076
0.416174
0.519711
0.111227
0.461538
0.888537
0.288032
0.767933
0.702578
0.0184382
0.0897236
0.0855401
0.105202
0.284099
0.939012
0.677985
0.668419
0.974584
0.848383
0.454646
0.751341
0.389136
0.38152
0.371916
0.497872
0.0619555
0.222297
0.334699
0.0242542
0.936228
0.961047
0.965978
0.701576
0.664215
0.676215
0.953076
0.43365
0.485774
0.0108897
0.481361
0.825606
0.272647
0.368114
0.649945
0.189653
0.615393
0.948516
0.874232
0.557321
0.47631
0.529129
0.824566
0.675595
0.964321
0.99727
0.159957
0.585915
0.806242
0.61556
0.284236
0.32305
0.663508
0.249032
0.06424
0.612072
0.230541
0.606022
0.804705
0.651725
0.0129318
0.241516
0.133195
0.385938
0.141657
0.362507
0.767995
0.827511
0.281986
0.792301
0.449892
0.103303
0.858165
0.135544
0.0430721
0.221069
0.659392
0.380002
0.117583
0.225216
0.0706558
0.268411
0.0793552
0.211771
0.661105
0.428318
0.920186
0.187589
0.48427
0.494973
0.901541
0.823352
0.955767
0.510468
0.743397
0.408307
0.738999
0.567426
0.356064
0.588302
0.252548
0.228714
0.156313
0.747583
0.39294
0.721737
0.699678
0.724719
0.0560875
0.601656
0.257646
0.154519
0.508175
0.527132
0.598672
0.877095
0.674966
0.546428
0.362074
0.183416
0.389743
0.791318
0.329665
0.463413
0.837319
0.0859396
0.852662
0.699475
0.697545
0.375646
0.330761
0.480254
0.0460002
0.0473678
0.0589318
0.565672
0.147774
0.114863
0.752886
0.501658
0.499684
0.165001
0.40567
0.473869
0.402084
0.135554
0.280238
0.546989
0.162859
0.449097
0.72547
0.653813
0.172909
0.523123
0.00639885
0.564572
0.136715
0.226438
0.287815
0.338369
0.948461
0.500766
0.596537
0.838059
0.308607
0.189615
0.160729
0.323431
0.480853
0.810312
0.986331
0.139915
0.804377
0.0892104
0.564848
0.0153061
0.00731064
0.460291
0.794792
0.397158
0.211067
0.402519
0.999774
0.327451
0.596546
0.473159
0.365914
0.421098
0.0509987
0.336614
0.129916
0.124996
0.613721
0.311194
0.287711
0.628996
0.941293
0.827278
0.356699
0.0808611
0.635992
0.755853
0.0227024
0.807075
0.0709972
0.714266
0.124218
0.748654
0.841104
0.575271
0.214346
0.780708
0.101715
0.554476
0.427885
0.259452
0.769902
0.993343
0.551928
0.729512
0.1615
0.365437
0.256236
0.201204
0.29277
0.69737
0.584563
0.200508
0.965779
0.279156
0.302701
0.537799
0.762348
0.119367
0.693856
0.601464
0.715454
0.386411
0.660325
0.597117
0.360707
0.0228855
0.699416
0.429911
0.486378
0.945157
0.553148
0.167395
0.594482
0.968954
0.232516
0.545584
0.84149
0.979788
0.831335
0.937879
0.811254
0.560494
0.681472
0.467718
0.0766787
0.647548
0.49193
0.405495
0.791336
0.00831033
0.585665
0.847988
0.134082
0.942128
0.781262
0.431895
0.542709
0.0856736
0.969273
0.164577
0.52782
0.933441
0.986654
0.35999
0.453439
0.0733001
0.427383
0.452137
0.382332
0.335092
0.645594
0.139091
0.0641716
0.984389
0.998954
0.75087
0.822813
0.600532
0.157527
0.561917
0.704872
0.317459
0.085253
0.682293
0.375711
0.361295
0.420359
0.508221
0.0768476
0.0349219
0.795224
0.735634
0.0721935
0.570845
0.728029
0.0211598
0.413297
0.525347
0.785793
0.196782
0.225011
0.179203
0.151199
0.236955
0.0557534
0.418132
0.18137
0.361066
0.946987
0.525626
0.239255
0.879946
0.564619
0.485598
0.8044
0.303174
0.311569
0.564518
0.0540462
0.891958
0.827834
0.841521
0.883179
0.856144
0.962142
0.614911
0.730053
0.0851086
0.7174
0.972952
0.919329
0.309027
0.415309
0.604353
0.950124
0.387046
0.492402
0.0974989
0.286935
0.661887
0.0267003
0.668018
0.853398
0.171758
0.137379
0.684985
0.446004
0.440964
0.261565
0.309204
0.0276351
0.49243
0.206502
0.0651909
0.356555
0.259669
0.293984
0.900752
0.0182905
0.992546
0.873459
0.933621
0.392087
0.730178
0.0365132
0.899945
0.0606157
0.194093
0.096231
0.634163
0.661968
0.441411
0.546161
0.248176
0.504524
0.308715
0.161831
0.927786
0.265662
0.562685
0.0183294
0.662079
0.577035
0.786744
0.723086
0.248375
0.1014
0.933066
0.0608444
0.0549484
0.255339
0.881031
0.46353
0.761995
0.851039
0.0043965
0.304179
0.204962
0.380327
0.0195897
0.233557
0.0167258
0.777407
0.475345
0.716417
0.111629
0.458839
0.711122
0.140436
0.386085
0.81414
0.372228
0.297724
0.509063
0.583709
0.385123
0.80164
0.526776
0.339483
0.0557569
0.060489
0.349333
0.63978
0.0599967
0.394366
0.293028
0.412903
0.232038
0.581816
0.4244
0.400354
0.0626445
0.49394
0.461806
0.550745
0.324273
0.791903
0.00592466
0.619337
0.481125
0.896374
0.0425371
0.26895
0.0664776
0.244108
0.784168
0.1918
0.822924
0.253095
0.69287
0.795941
0.244545
0.0819251
0.0146736
0.857878
0.436254
0.190681
0.375275
0.893217
0.757523
0.316008
0.473784
0.0204091
0.514717
0.248415
0.97966
0.421975
0.030249
0.0848639
0.303501
0.832084
0.0920364
0.157725
0.921509
0.410446
0.902802
0.281785
0.905737
0.761499
0.950833
0.0776304
0.924608
0.48834
0.332417
0.589998
0.467933
0.865912
0.246485
0.871373
0.698753
0.874958
0.283685
0.797775
0.809946
0.232945
0.206117
0.755741
0.862879
0.4187
0.579776
0.287227
0.0330042
0.449969
0.234767
0.530142
0.0146271
0.0599986
0.102945
0.0249247
0.0172638
0.151046
0.138012
0.0256804
0.581554
0.0271519
0.662842
0.536365
0.734374
0.493783
0.507932
0.242462
0.835768
0.756087
0.422263
0.829672
0.596608
0.793117
0.140714
0.458087
0.482777
0.0470732
0.949833
0.60007
0.446323
0.904452
0.0193875
0.860111
0.703913
0.032577
0.0548691
0.578264
0.895139
0.0811939
0.809805
0.831648
0.401027
0.899633
0.0858314
0.430841
0.688246
0.345544
0.2779
0.107856
0.731104
0.183588
0.898601
0.326162
0.379391
0.0350751
0.73426
0.306912
0.855776
0.11232